VL
R=0.30: -43.738  -43.774  -43.782  -43.767  -43.749  -43.712  -43.624  -43.74 -43.831
R=0.50: -72.431  -72.246  -72.187  -72.322  -72.355  -72.393  -72.327  -72.276
R=0.70: -97.842  -97.848  -97.857  -97.893  -97.735  -97.716  -97.744  -97.588
R=1.00: -137.09  -137.07  -137.05  -137.12  -137.16  -137.14  -137.33  -137.39 -137.38  -137.06  -137.11
R=1.50: -203.04  -202.74  -202.41  -202.57  -203.39  -203.99
R=2.00: -263.87  -263.56  -263.87  -264.03  -264.7   -264.25     0.       0.
R=3.00: -358.15  -358.71  -358.84  -359.15  -359.06  -359.21  -359.17  -358.9 -358.75
R=4.00: -412.65  -413.1   -412.85  -412.94  -412.69  -412.72
R=5.00: -434.04  -434.06  -434.13  -434.27  -434.14
R=1000: -497.27  -497.07  -497.01  -497.02  -497.04  -497.08  -497.11  -497.13 -497.09  -497.11  -497.17

V
R=0.30: 50.822   50.834   50.671   50.69    50.715   50.73    50.78    50.803 50.731
R=0.50: 79.215   79.552   79.518   79.492   79.401   79.436   79.471   79.581
R=0.70: 104.73   104.62   104.66   104.67   104.65   104.64   104.71
R=1.00: 144.09   144.29   144.3    144.22   144.18   144.36   144.6    144.55 144.39   144.46
R=1.50: 211.4    211.5    211.21   211.9    211.31   210.63
R=2.00: 270.81   270.05   270.53   270.8    270.76   270.44   270.2    270.16
R=3.00: 364.64   364.54   364.46   364.75   364.29   364.28   364.46   364.63 364.82   365.03
R=4.00: 418.9    418.3    418.1    417.7    417.6    417.9    417.9    418.0
R=5.00: 438.56   438.86   438.85   438.79   438.42   438.5
R=1000: 497.33   497.29   497.26   497.24   497.23   497.24   497.25   497.31 497.27   497.28
