solceller-serie:
Voc_begge_belyst: -500.04  -499.66  -499.76  -499.83  -499.87  -499.76
Voc_en_belyst   : -461.48  -461.57  -461.55
Isc_R=1/2_begge_belyst: -146.13  -146.71  -146.85  -146.94  -146.91  -146.38  -146.26
Isc_R=1/2_en_belyst   : -77.380  -77.372  -77.392  -77.481  -77.504  -77.613  -77.576  -77.709  -77.803  -77.480  -77.525  -77.615  -77.811

solceller-parallell:
Voc_begge_belyst: -1000.9  -1001.1  -1001.0  -1001.0  -1001.1  -1001.0  -1000.9  -1000.8  -1000.7 -1000.6 -1000.5
Voc_en_belyst   : -35.78  -35.44  -35.41  -35.22  -35.28  -35.17  -35.19  -34.76  -34.51  -34.19  -33.87  -33.77  -33.90  -33.86   -34.00
Isc_R=1/2_en_belyst: Må sammenlikne med deg, uklart hva jeg mente
Isc_R=1/2_begge_belyst: -69.813  -69.849  -69.700  -69.906  -69.971  -69.804  -69.707  -69.780  -69.818  -69.879  -69.673
