VL
R=5.00: 4392.9  4393.2  4393.1  4394.4  4394.0
R=10.0: 4479.   4479.3  4479.2  4479.4  4479.3  4479.5  4479.6  4479.7  4471.6 4472.
R=50.0: 4563.8  4563.8  4563.8  4563.8  4563.9
R=100.: 4578.6  4578.   4577.8  4577.6  4577.8  4577.7
R=1000: 4593.3  4593.4  4593.4  4593.4

V
R=5.00: 652.21  652.14  652.22  650.98  651.60
R=10.0: 590.99  590.30  590.20  590.05  589.74  590.00  589.94  590.65  590.63 590.43
R=50.0: 525.63  525.62  525.65  525.61  525.59
R=100.: 512.69  513.25  513.49  513.59  513.48  513.49
R=1000: 500.03  500.11  500.04  500.06

SNURSTRØM

VL
R=1.00: -153.48  -153.29
R=3.00: -453.17  -452.81
R=10.0: -1468.5  -1407.6
R=30.0: -4203.8  -4192.2
R=100.: -5554.1  -5554.6
R=300.: -5578.5  -5578.7
R=1000: -5586.6  -5586.5

V
R=1.00: -4932.6  -4932.1
R=3.00: -4633.7  -4634.0
R=10.0: -3617.9  -3617.3
R=30.0: -898.57  -887.65
R=100.:  463.79   463.82
R=300.:  486.29   486.06
R=1000:  493.27   493.31
